params = {
    "token": "6f9558c297611c160aa39d75ede7aea3",
    "appid": "227f56ca8543b6826616eea7d6b19f71",
    "portion": "0.25",  动态变化  -->  随机数
    "user_id": "",
    "cn": "6bfc85a84e63a44ec1ff2ceb83f644f3",  动态变化
    "timestamp": "1655820371694",  动态变化
    "signature": "a06cb1845042aee61cd862b660733c7a",  动态变化
    "sn": "b9d962efa43c4c4f817cdf65a2ef5748",  动态变化
    "seed": "0"
}

轨迹分析对比
[
    [
        0,
        0,
        1656138875187
    ],
    [
        1,
        0,
        1656138875204
    ],
    [
        2,
        0,
        1656138875222
    ],
    [
        3,
        0,
        1656138875230
    ],
    [
        4,
        0,
        1656138875249
    ],
    [
        5,
        0,
        1656138875263
    ],
    [
        6,
        1,
        1656138875271
    ],
    [
        7,
        1,
        1656138875279
    ],
    [
        14,
        1,
        1656138875319
    ],
    [
        15,
        1,
        1656138875329
    ],
    [
        16,
        1,
        1656138875338
    ],
    [
        17,
        1,
        1656138875343
    ],
    [
        19,
        1,
        1656138875357
    ],
    [
        20,
        1,
        1656138875377
    ],
    [
        21,
        1,
        1656138875381
    ],
    [
        22,
        1,
        1656138875390
    ],
    [
        23,
        1,
        1656138875397
    ],
    [
        24,
        1,
        1656138875409
    ],
    [
        26,
        1,
        1656138875417
    ],
    [
        28,
        1,
        1656138875431
    ],
    [
        29,
        1,
        1656138875444
    ],
    [
        31,
        1,
        1656138875447
    ],
    [
        32,
        1,
        1656138875463
    ],
    [
        33,
        1,
        1656138875484
    ],
    [
        34,
        1,
        1656138875492
    ],
    [
        35,
        1,
        1656138875511
    ],
    [
        36,
        1,
        1656138875526
    ],
    [
        37,
        1,
        1656138875537
    ],
    [
        38,
        1,
        1656138875543
    ],
    [
        39,
        1,
        1656138875551
    ],
    [
        40,
        1,
        1656138875557
    ],
    [
        41,
        1,
        1656138875565
    ],
    [
        42,
        1,
        1656138875585
    ],
    [
        43,
        1,
        1656138875604
    ],
    [
        44,
        1,
        1656138875617
    ],
    [
        45,
        1,
        1656138875623
    ],
    [
        46,
        1,
        1656138875643
    ],
    [
        47,
        1,
        1656138875647
    ],
    [
        48,
        1,
        1656138875658
    ],
    [
        49,
        1,
        1656138875663
    ],
    [
        50,
        1,
        1656138875684
    ],
    [
        51,
        1,
        1656138875687
    ],
    [
        52,
        1,
        1656138875698
    ],
    [
        53,
        2,
        1656138875703
    ],
    [
        55,
        2,
        1656138875723
    ],
    [
        56,
        2,
        1656138875737
    ],
    [
        57,
        2,
        1656138875745
    ],
    [
        59,
        2,
        1656138875765
    ],
    [
        60,
        2,
        1656138875781
    ],
    [
        61,
        2,
        1656138875797
    ],
    [
        62,
        2,
        1656138875805
    ],
    [
        63,
        2,
        1656138875823
    ],
    [
        64,
        2,
        1656138875832
    ],
    [
        65,
        2,
        1656138875835
    ],
    [
        66,
        2,
        1656138875846
    ],
    [
        67,
        2,
        1656138875851
    ],
    [
        68,
        2,
        1656138875866
    ],
    [
        69,
        2,
        1656138875879
    ],
    [
        70,
        2,
        1656138875891
    ],
    [
        71,
        2,
        1656138875925
    ],
    [
        72,
        2,
        1656138875945
    ],
    [
        73,
        2,
        1656138875964
    ],
    [
        74,
        2,
        1656138875981
    ],
    [
        75,
        2,
        1656138875994
    ],
    [
        76,
        2,
        1656138876010
    ],
    [
        77,
        2,
        1656138876031
    ],
    [
        78,
        2,
        1656138876050
    ],
    [
        79,
        2,
        1656138876071
    ],
    [
        80,
        2,
        1656138876079
    ],
    [
        81,
        2,
        1656138876105
    ],
    [
        82,
        2,
        1656138876157
    ],
    [
        83,
        2,
        1656138876191
    ],
    [
        84,
        2,
        1656138876195
    ],
    [
        85,
        2,
        1656138876271
    ],
    [
        86,
        2,
        1656138876377
    ],
    [
        87,
        2,
        1656138876419
    ],
    [
        88,
        2,
        1656138876552
    ],
    [
        89,
        2,
        1656138876567
    ],
    [
        90,
        2,
        1656138876817
    ]
]